event_id	detector_system	detector_index	0
0	2	134	1
1	0	42	25
1	0	113	21
1	0	120	120
1	0	121	151
2	0	42	116
2	0	44	70
2	0	45	101
2	0	74	42
2	0	75	105
2	0	82	5
2	0	113	107
2	0	117	24
2	2	134	18
3	0	40	17
3	0	45	48
3	0	74	1
3	0	75	4
3	0	81	31
3	0	118	116
3	0	119	175
4	0	43	268
4	0	73	2
4	0	81	2
4	0	83	47
4	0	127	13
4	0	129	4
5	0	5	107
5	0	8	333
5	0	16	518
5	0	99	14
6	0	5	153
6	0	8	214
6	0	16	52
6	0	42	109
6	0	74	98
6	0	75	84
6	0	82	96
6	0	97	103
6	0	99	253
6	0	113	256
6	0	115	50
6	0	120	497
6	2	133	25
6	2	134	580
7	0	42	228
7	0	45	220
7	0	73	167
7	0	74	167
7	0	75	404
7	0	80	124
7	0	82	134
7	0	99	141
7	0	113	495
7	0	115	99
7	0	130	109
7	2	133	147
7	2	134	154
8	0	40	24
8	0	45	101
8	0	73	780
8	0	74	77
8	0	75	120
8	0	78	63
8	0	80	84
8	0	81	192
8	0	82	96
8	0	83	122
8	0	96	130
8	0	98	9
8	0	113	34
8	0	118	473
8	0	130	207
8	2	133	122
9	0	22	13
9	0	37	28
9	0	40	276
9	0	73	184
9	0	74	2
9	0	78	126
9	0	81	771
9	0	83	213
9	0	96	2
9	0	98	191
9	0	118	14
9	0	127	249
9	0	128	62
9	0	129	311
9	0	130	152
9	2	133	7
10	0	5	216
10	0	6	225
10	0	7	215
10	0	8	156
10	0	9	477
10	0	97	131
10	0	99	199
10	0	112	4
10	0	115	2
11	0	5	260
11	0	7	149
11	0	8	60
11	0	9	74
11	0	74	110
11	0	76	161
11	0	80	101
11	0	82	201
11	0	97	613
11	0	99	597
11	0	112	274
11	0	113	218
11	0	115	310
11	2	133	115
11	2	134	29
12	0	73	43
12	0	74	301
12	0	75	172
12	0	76	182
12	0	77	172
12	0	80	315
12	0	82	301
12	0	96	157
12	0	97	177
12	0	99	186
12	0	112	37
12	0	113	261
12	0	115	403
12	0	130	181
12	0	131	46
12	2	133	369
13	0	73	269
13	0	74	194
13	0	75	142
13	0	77	168
13	0	78	191
13	0	79	139
13	0	80	212
13	0	81	116
13	0	82	118
13	0	83	170
13	0	96	590
13	0	98	35
13	0	115	116
13	0	128	39
13	0	130	612
13	0	131	242
13	2	133	319
14	0	20	154
14	0	37	137
14	0	73	108
14	0	74	27
14	0	78	373
14	0	79	172
14	0	80	24
14	0	81	166
14	0	83	402
14	0	96	204
14	0	98	341
14	0	114	220
14	0	128	324
14	0	129	259
14	0	130	241
14	0	131	103
14	2	132	18
14	2	133	111
15	0	0	519
15	0	5	6
15	0	7	231
15	0	9	10
15	0	97	116
15	0	99	6
15	0	112	133
16	0	7	181
16	0	76	256
16	0	77	79
16	0	80	93
16	0	82	98
16	0	88	138
16	0	97	229
16	0	99	95
16	0	112	737
16	0	115	181
16	2	133	23
17	0	70	226
17	0	74	106
17	0	76	395
17	0	77	383
17	0	80	177
17	0	82	123
17	0	88	312
17	0	96	119
17	0	97	133
17	0	112	147
17	0	115	199
17	0	131	156
17	2	133	137
18	0	68	15
18	0	70	72
18	0	72	445
18	0	74	75
18	0	76	61
18	0	77	144
18	0	78	142
18	0	79	168
18	0	80	76
18	0	83	56
18	0	96	226
18	0	114	4
18	0	115	53
18	0	128	9
18	0	130	102
18	0	131	800
18	2	132	199
18	2	133	125
19	0	20	21
19	0	23	21
19	0	68	297
19	0	72	1
19	0	78	180
19	0	79	702
19	0	83	124
19	0	94	186
19	0	96	137
19	0	98	84
19	0	114	286
19	0	128	195
19	0	130	7
19	0	131	173
19	2	132	537
19	2	133	3
20	0	112	2
21	0	76	7
21	0	85	151
21	0	88	25
21	0	112	50
22	0	63	47
22	0	64	70
22	0	70	109
22	0	76	36
22	0	77	89
22	0	80	31
22	0	88	107
22	0	115	1
23	0	68	22
23	0	70	25
23	0	72	135
23	0	77	5
23	0	79	34
23	0	92	144
23	2	132	20
24	0	65	274
24	0	68	7
24	0	78	43
24	0	79	7
24	0	94	12
24	0	114	4
24	0	131	1
