 event_id   pos_x  pos_z  n_pmt132  n_pmt133  n_pmt134
        0 -1200.0  300.0       NaN       NaN       NaN
        1 -1000.0  300.0       0.0       0.0       8.0
        2  -800.0  300.0       0.0       0.0      21.0
        3  -600.0  300.0       NaN       NaN       NaN
        4  -400.0  300.0       0.0       0.0       4.0
        5  -200.0  300.0       NaN       NaN       NaN
        6     0.0  300.0       NaN       NaN       NaN
        7   200.0  300.0       NaN       NaN       NaN
        8   400.0  300.0       NaN       NaN       NaN
        9   600.0  300.0       NaN       NaN       NaN
       10   800.0  300.0       NaN       NaN       NaN
       11  1000.0  300.0       NaN       NaN       NaN
       12  1200.0  300.0       NaN       NaN       NaN
       13 -1200.0  500.0       0.0       0.0      14.0
       14 -1000.0  500.0       0.0       0.0       6.0
       15  -800.0  500.0       0.0       0.0      33.0
       16  -600.0  500.0       0.0       0.0      73.0
       17  -400.0  500.0       0.0       0.0     138.0
       18  -200.0  500.0       NaN       NaN       NaN
       19     0.0  500.0       NaN       NaN       NaN
       20   200.0  500.0       NaN       NaN       NaN
       21   400.0  500.0       NaN       NaN       NaN
       22   600.0  500.0       NaN       NaN       NaN
       23   800.0  500.0       NaN       NaN       NaN
       24  1000.0  500.0       NaN       NaN       NaN
       25  1200.0  500.0       NaN       NaN       NaN
       26 -1200.0  700.0       0.0       0.0       3.0
       27 -1000.0  700.0       0.0       0.0      56.0
       28  -800.0  700.0       0.0       0.0     101.0
       29  -600.0  700.0       0.0       0.0     286.0
       30  -400.0  700.0       0.0       0.0     234.0
       31  -200.0  700.0       0.0      17.0     125.0
       32     0.0  700.0       0.0      25.0       5.0
       33   200.0  700.0       0.0       9.0       0.0
       34   400.0  700.0       NaN       NaN       NaN
       35   600.0  700.0       NaN       NaN       NaN
       36   800.0  700.0       NaN       NaN       NaN
       37  1000.0  700.0       NaN       NaN       NaN
       38  1200.0  700.0       NaN       NaN       NaN
       39 -1200.0  900.0       NaN       NaN       NaN
       40 -1000.0  900.0       0.0       0.0      12.0
       41  -800.0  900.0       0.0       0.0    1240.0
       42  -600.0  900.0       0.0       9.0     556.0
       43  -400.0  900.0       0.0      88.0     312.0
       44  -200.0  900.0       0.0     111.0     196.0
       45     0.0  900.0       0.0     111.0      27.0
       46   200.0  900.0       0.0      97.0       0.0
       47   400.0  900.0       0.0      72.0       0.0
       48   600.0  900.0       0.0      18.0       0.0
       49   800.0  900.0       NaN       NaN       NaN
       50  1000.0  900.0       NaN       NaN       NaN
       51  1200.0  900.0       NaN       NaN       NaN
       52 -1200.0 1100.0       NaN       NaN       NaN
       53 -1000.0 1100.0       0.0       0.0      35.0
       54  -800.0 1100.0       0.0      33.0     809.0
       55  -600.0 1100.0       0.0     111.0     512.0
       56  -400.0 1100.0       0.0     115.0     284.0
       57  -200.0 1100.0       0.0     137.0     206.0
       58     0.0 1100.0       0.0     147.0      20.0
       59   200.0 1100.0       0.0     141.0       0.0
       60   400.0 1100.0       0.0     112.0       0.0
       61   600.0 1100.0       0.0     106.0       0.0
       62   800.0 1100.0       0.0      35.0       0.0
       63  1000.0 1100.0       NaN       NaN       NaN
       64  1200.0 1100.0       NaN       NaN       NaN
       65 -1200.0 1300.0       0.0       0.0       1.0
       66 -1000.0 1300.0       0.0       9.0      46.0
       67  -800.0 1300.0       0.0      90.0     227.0
       68  -600.0 1300.0       0.0     131.0     263.0
       69  -400.0 1300.0       0.0     154.0     204.0
       70  -200.0 1300.0       0.0     194.0     113.0
       71     0.0 1300.0       0.0     238.0       1.0
       72   200.0 1300.0       0.0     191.0       0.0
       73   400.0 1300.0       0.0     122.0       0.0
       74   600.0 1300.0       0.0     122.0       0.0
       75   800.0 1300.0       0.0      85.0       0.0
       76  1000.0 1300.0       0.0       7.0       0.0
       77  1200.0 1300.0       NaN       NaN       NaN
       78 -1200.0 1500.0       0.0       0.0      36.0
       79 -1000.0 1500.0       0.0      35.0      44.0
       80  -800.0 1500.0       0.0     124.0     116.0
       81  -600.0 1500.0       0.0     157.0     178.0
       82  -400.0 1500.0       0.0     200.0     123.0
       83  -200.0 1500.0       0.0     263.0      31.0
       84     0.0 1500.0       0.0     351.0       0.0
       85   200.0 1500.0       0.0     280.0       0.0
       86   400.0 1500.0       0.0     200.0       0.0
       87   600.0 1500.0       0.0     132.0       0.0
       88   800.0 1500.0       0.0     107.0       0.0
       89  1000.0 1500.0       0.0      47.0       0.0
       90  1200.0 1500.0       NaN       NaN       NaN
       91 -1200.0 1700.0       NaN       NaN       NaN
       92 -1000.0 1700.0       0.0      84.0      29.0
       93  -800.0 1700.0       0.0     111.0      56.0
       94  -600.0 1700.0       0.0     166.0      48.0
       95  -400.0 1700.0       0.0     230.0      12.0
       96  -200.0 1700.0       0.0     483.0       0.0
       97     0.0 1700.0       0.0    1459.0       0.0
       98   200.0 1700.0       0.0     481.0       0.0
       99   400.0 1700.0       0.0     239.0       0.0
      100   600.0 1700.0       0.0     151.0       0.0
      101   800.0 1700.0       0.0     124.0       0.0
      102  1000.0 1700.0       0.0      67.0       0.0
      103  1200.0 1700.0       NaN       NaN       NaN
      104 -1200.0 1900.0       NaN       NaN       NaN
      105 -1000.0 1900.0       0.0      56.0       0.0
      106  -800.0 1900.0       0.0     124.0       0.0
      107  -600.0 1900.0       0.0     158.0       0.0
      108  -400.0 1900.0       0.0     228.0       0.0
      109  -200.0 1900.0       0.0     440.0       0.0
      110     0.0 1900.0       0.0     870.0       0.0
      111   200.0 1900.0       0.0     472.0       0.0
      112   400.0 1900.0      28.0     242.0       0.0
      113   600.0 1900.0      60.0     188.0       0.0
      114   800.0 1900.0      82.0     117.0       0.0
      115  1000.0 1900.0       0.0      51.0       0.0
      116  1200.0 1900.0       1.0       0.0       0.0
      117 -1200.0 2100.0       NaN       NaN       NaN
      118 -1000.0 2100.0       0.0      35.0       0.0
      119  -800.0 2100.0       0.0      95.0       0.0
      120  -600.0 2100.0       0.0     124.0       0.0
      121  -400.0 2100.0       0.0     129.0       0.0
      122  -200.0 2100.0       0.0     189.0       0.0
      123     0.0 2100.0       0.0     306.0       0.0
      124   200.0 2100.0      52.0     194.0       0.0
      125   400.0 2100.0     146.0     127.0       0.0
      126   600.0 2100.0     176.0     128.0       0.0
      127   800.0 2100.0     174.0      78.0       0.0
      128  1000.0 2100.0      28.0      40.0       0.0
      129  1200.0 2100.0      19.0       0.0       0.0
      130 -1200.0 2300.0       NaN       NaN       NaN
      131 -1000.0 2300.0       NaN       NaN       NaN
      132  -800.0 2300.0       0.0      60.0       0.0
      133  -600.0 2300.0       0.0      81.0       0.0
      134  -400.0 2300.0       0.0     102.0       0.0
      135  -200.0 2300.0       0.0     145.0       0.0
      136     0.0 2300.0       5.0     161.0       0.0
      137   200.0 2300.0     138.0     135.0       0.0
      138   400.0 2300.0     251.0     101.0       0.0
      139   600.0 2300.0     323.0      92.0       0.0
      140   800.0 2300.0     276.0      59.0       0.0
      141  1000.0 2300.0      92.0       0.0       0.0
      142  1200.0 2300.0       3.0       0.0       0.0
      143 -1200.0 2500.0       NaN       NaN       NaN
      144 -1000.0 2500.0       NaN       NaN       NaN
      145  -800.0 2500.0       0.0       6.0       0.0
      146  -600.0 2500.0       0.0      74.0       0.0
      147  -400.0 2500.0       0.0      92.0       0.0
      148  -200.0 2500.0       0.0     114.0       0.0
      149     0.0 2500.0      19.0     125.0       0.0
      150   200.0 2500.0     225.0     117.0       0.0
      151   400.0 2500.0     297.0      95.0       0.0
      152   600.0 2500.0     559.0      74.0       0.0
      153   800.0 2500.0    1324.0       8.0       0.0
      154  1000.0 2500.0       NaN       NaN       NaN
      155  1200.0 2500.0       NaN       NaN       NaN
      156 -1200.0 2700.0       NaN       NaN       NaN
      157 -1000.0 2700.0       NaN       NaN       NaN
      158  -800.0 2700.0       NaN       NaN       NaN
      159  -600.0 2700.0       0.0       7.0       0.0
      160  -400.0 2700.0       0.0      38.0       0.0
      161  -200.0 2700.0       0.0     106.0       0.0
      162     0.0 2700.0      25.0      91.0       0.0
      163   200.0 2700.0     197.0      85.0       0.0
      164   400.0 2700.0     321.0      44.0       0.0
      165   600.0 2700.0     473.0       7.0       0.0
      166   800.0 2700.0     780.0       0.0       0.0
      167  1000.0 2700.0       NaN       NaN       NaN
      168  1200.0 2700.0       NaN       NaN       NaN