-1200 0 300 0 0 1 0
-1200 0 500 0 0 1 0
-1200 0 700 0 0 1 0
-1200 0 900 0 0 1 0
-1200 0 1100 0 0 1 0
-1200 0 1300 0 0 1 0
-1200 0 1500 0 0 1 0
-1200 0 1700 0 0 1 0
-1200 0 1900 0 0 1 0
-1200 0 2100 0 0 1 0
-1200 0 2300 0 0 1 0
-1200 0 2500 0 0 1 0
-1200 0 2700 0 0 1 0
-1000 0 300 0 0 1 0
-1000 0 500 0 0 1 0
-1000 0 700 0 0 1 0
-1000 0 900 0 0 1 0
-1000 0 1100 0 0 1 0
-1000 0 1300 0 0 1 0
-1000 0 1500 0 0 1 0
-1000 0 1700 0 0 1 0
-1000 0 1900 0 0 1 0
-1000 0 2100 0 0 1 0
-1000 0 2300 0 0 1 0
-1000 0 2500 0 0 1 0
-1000 0 2700 0 0 1 0
-800 0 300 0 0 1 0
-800 0 500 0 0 1 0
-800 0 700 0 0 1 0
-800 0 900 0 0 1 0
-800 0 1100 0 0 1 0
-800 0 1300 0 0 1 0
-800 0 1500 0 0 1 0
-800 0 1700 0 0 1 0
-800 0 1900 0 0 1 0
-800 0 2100 0 0 1 0
-800 0 2300 0 0 1 0
-800 0 2500 0 0 1 0
-800 0 2700 0 0 1 0
-600 0 300 0 0 1 0
-600 0 500 0 0 1 0
-600 0 700 0 0 1 0
-600 0 900 0 0 1 0
-600 0 1100 0 0 1 0
-600 0 1300 0 0 1 0
-600 0 1500 0 0 1 0
-600 0 1700 0 0 1 0
-600 0 1900 0 0 1 0
-600 0 2100 0 0 1 0
-600 0 2300 0 0 1 0
-600 0 2500 0 0 1 0
-600 0 2700 0 0 1 0
-400 0 300 0 0 1 0
-400 0 500 0 0 1 0
-400 0 700 0 0 1 0
-400 0 900 0 0 1 0
-400 0 1100 0 0 1 0
-400 0 1300 0 0 1 0
-400 0 1500 0 0 1 0
-400 0 1700 0 0 1 0
-400 0 1900 0 0 1 0
-400 0 2100 0 0 1 0
-400 0 2300 0 0 1 0
-400 0 2500 0 0 1 0
-400 0 2700 0 0 1 0
-200 0 300 0 0 1 0
-200 0 500 0 0 1 0
-200 0 700 0 0 1 0
-200 0 900 0 0 1 0
-200 0 1100 0 0 1 0
-200 0 1300 0 0 1 0
-200 0 1500 0 0 1 0
-200 0 1700 0 0 1 0
-200 0 1900 0 0 1 0
-200 0 2100 0 0 1 0
-200 0 2300 0 0 1 0
-200 0 2500 0 0 1 0
-200 0 2700 0 0 1 0
0 0 300 0 0 1 0
0 0 500 0 0 1 0
0 0 700 0 0 1 0
0 0 900 0 0 1 0
0 0 1100 0 0 1 0
0 0 1300 0 0 1 0
0 0 1500 0 0 1 0
0 0 1700 0 0 1 0
0 0 1900 0 0 1 0
0 0 2100 0 0 1 0
0 0 2300 0 0 1 0
0 0 2500 0 0 1 0
0 0 2700 0 0 1 0
200 0 300 0 0 1 0
200 0 500 0 0 1 0
200 0 700 0 0 1 0
200 0 900 0 0 1 0
200 0 1100 0 0 1 0
200 0 1300 0 0 1 0
200 0 1500 0 0 1 0
200 0 1700 0 0 1 0
200 0 1900 0 0 1 0
200 0 2100 0 0 1 0
200 0 2300 0 0 1 0
200 0 2500 0 0 1 0
200 0 2700 0 0 1 0
400 0 300 0 0 1 0
400 0 500 0 0 1 0
400 0 700 0 0 1 0
400 0 900 0 0 1 0
400 0 1100 0 0 1 0
400 0 1300 0 0 1 0
400 0 1500 0 0 1 0
400 0 1700 0 0 1 0
400 0 1900 0 0 1 0
400 0 2100 0 0 1 0
400 0 2300 0 0 1 0
400 0 2500 0 0 1 0
400 0 2700 0 0 1 0
600 0 300 0 0 1 0
600 0 500 0 0 1 0
600 0 700 0 0 1 0
600 0 900 0 0 1 0
600 0 1100 0 0 1 0
600 0 1300 0 0 1 0
600 0 1500 0 0 1 0
600 0 1700 0 0 1 0
600 0 1900 0 0 1 0
600 0 2100 0 0 1 0
600 0 2300 0 0 1 0
600 0 2500 0 0 1 0
600 0 2700 0 0 1 0
800 0 300 0 0 1 0
800 0 500 0 0 1 0
800 0 700 0 0 1 0
800 0 900 0 0 1 0
800 0 1100 0 0 1 0
800 0 1300 0 0 1 0
800 0 1500 0 0 1 0
800 0 1700 0 0 1 0
800 0 1900 0 0 1 0
800 0 2100 0 0 1 0
800 0 2300 0 0 1 0
800 0 2500 0 0 1 0
800 0 2700 0 0 1 0
1000 0 300 0 0 1 0
1000 0 500 0 0 1 0
1000 0 700 0 0 1 0
1000 0 900 0 0 1 0
1000 0 1100 0 0 1 0
1000 0 1300 0 0 1 0
1000 0 1500 0 0 1 0
1000 0 1700 0 0 1 0
1000 0 1900 0 0 1 0
1000 0 2100 0 0 1 0
1000 0 2300 0 0 1 0
1000 0 2500 0 0 1 0
1000 0 2700 0 0 1 0
1200 0 300 0 0 1 0
1200 0 500 0 0 1 0
1200 0 700 0 0 1 0
1200 0 900 0 0 1 0
1200 0 1100 0 0 1 0
1200 0 1300 0 0 1 0
1200 0 1500 0 0 1 0
1200 0 1700 0 0 1 0
1200 0 1900 0 0 1 0
1200 0 2100 0 0 1 0
1200 0 2300 0 0 1 0
1200 0 2500 0 0 1 0
1200 0 2700 0 0 1 0
