-1200.0 0.0 800.0 0.0 0.0 1.0 0.0
0.0 0.0 800.0 0.0 0.0 1.0 0.0
1200.0 0.0 800.0 0.0 0.0 1.0 0.0
-1200.0 0.0 1400.0000000000002 0.0 0.0 1.0 0.0
0.0 0.0 1400.0000000000002 0.0 0.0 1.0 0.0
1200.0 0.0 1400.0000000000002 0.0 0.0 1.0 0.0
-1200.0 0.0 2000.0 0.0 0.0 1.0 0.0
0.0 0.0 2000.0 0.0 0.0 1.0 0.0
1200.0 0.0 2000.0 0.0 0.0 1.0 0.0
-1200.0 0.0 2600.0000000000005 0.0 0.0 1.0 0.0
0.0 0.0 2600.0000000000005 0.0 0.0 1.0 0.0
1200.0 0.0 2600.0000000000005 0.0 0.0 1.0 0.0
-1200.0 0.0 3200.0 0.0 0.0 1.0 0.0
0.0 0.0 3200.0 0.0 0.0 1.0 0.0
1200.0 0.0 3200.0 0.0 0.0 1.0 0.0
